[grasptype_1, 600, 600, 600, 998, 600, 825]
[grasptype_2,300,300,300,300,600,820]
[grasptype_3,300,300,300,300,800,810]
[grasptype_4,450,450,450,450,998,998]
[grasptype_5,998，998，998，700,700，0]
[grasptype_6,998,998,998,500,600,0]
[grasptype_7,612,606,615,650,776,0]
[grasptype_8,600,600,600,600,500,881]
[grasptype_9,600,600,600,600,998,0]
[grasptype_10,998,998,998,998,998,998]
[grasptype_11,200,200,200,200,400,998]
[grasptype_12,998,998,222,438,416,580]
[grasptype_13,998,745,778,776,998,0]
[grasptype_14,998,745,778,776,998,0]